tiexi-500.mobility.tcl
average communication overhead: [495, 494, 497, 500, 494, 494, 497, 494, 490, 495, 494, 493, 490, 494, 497, 495, 493, 496, 493, 492, 495, 494, 494, 491, 495, 492, 490, 490, 493, 494, 493, 491, 491, 493, 492, 494, 492, 492, 491, 494, 492, 494, 491, 493, 490, 490, 494, 490, 494, 494, 492, 491, 493, 488, 491, 492, 491, 488, 490, 489, 490, 493, 490, 492, 490, 488, 488, 490, 493, 491, 491, 492, 492, 489, 492, 493, 488, 490, 488, 490, 489, 491, 490, 492, 494, 492, 490, 491, 490, 488, 490, 490, 488, 489, 493, 492, 489, 489, 491, 491]

tiexi-1000.mobility.tcl
average communication overhead: [991, 991, 991, 984, 984, 984, 985, 984, 984, 986, 986, 983, 981, 982, 979, 985, 987, 984, 989, 981, 983, 982, 986, 985, 988, 981, 981, 979, 983, 983, 986, 987, 985, 985, 981, 981, 979, 983, 979, 979, 979, 983, 976, 978, 980, 979, 980, 984, 983, 980, 979, 979, 980, 981, 981, 981, 978, 981, 976, 977, 979, 983, 983, 979, 979, 980, 978, 978, 977, 979, 977, 982, 978, 975, 979, 978, 979, 979, 979, 979, 980, 978, 980, 979, 977, 978, 979, 980, 976, 978, 979, 981, 980, 976, 980, 977, 978, 980, 977, 978]

tiexi-500.mobility.tcl
average communication overhead: [13, 11, 13, 13, 10, 10, 12, 11, 10, 11, 5, 11, 9, 7, 7, 13, 7, 9, 8, 10]

tiexi-1000.mobility.tcl
average communication overhead: [18, 16, 17, 15, 11, 8, 11, 9, 15, 13, 4, 8, 6, 7, 3, 15, 9, 14, 8, 7]

tiexi-1500.mobility.tcl
average communication overhead: [37, 29, 24, 18, 22, 16, 16, 12, 17, 15, 18, 19, 13, 18, 13, 16, 18, 15, 16, 18]

tiexi-2000.mobility.tcl
average communication overhead: [56, 41, 34, 30, 30, 20, 25, 18, 16, 20, 19, 21, 16, 15, 13, 20, 13, 23, 16, 23]

tiexi-3000.mobility.tcl
average communication overhead: [80, 53, 37, 36, 22, 30, 34, 24, 23, 25, 18, 20, 20, 13, 16, 32, 26, 13, 20, 16]

tiexi-500.mobility.tcl
average communication overhead: [13, 12, 6, 9, 10, 9, 7, 6, 5, 8, 7, 6, 7, 8, 6, 7, 9, 8, 9, 8, 7, 8, 5, 7, 7, 8, 4, 7, 5, 7, 9, 5, 10, 7, 8, 8, 6, 5, 6, 8, 9, 6, 5, 8, 8, 6, 5, 4, 8, 8, 7, 2, 5, 7, 7, 9, 7, 6, 8, 5, 9, 4, 4, 3, 7, 5, 6, 10, 8, 10, 6, 6, 7, 7, 2, 8, 4, 4, 6, 8, 5, 4, 7, 9, 4, 6, 5, 5, 5, 7, 7, 8, 8, 2, 3, 8, 10, 6, 7, 7]

tiexi-1000.mobility.tcl
average communication overhead: [22, 20, 20, 13, 15, 12, 13, 16, 13, 10, 12, 14, 7, 11, 9, 11, 18, 11, 13, 6, 10, 11, 11, 8, 9, 10, 7, 7, 7, 8, 11, 12, 12, 9, 9, 10, 13, 5, 13, 10, 13, 10, 8, 7, 9, 7, 8, 7, 5, 5, 10, 9, 8, 7, 5, 7, 7, 6, 4, 7, 11, 8, 9, 10, 2, 8, 7, 2, 9, 3, 5, 5, 5, 11, 7, 6, 6, 8, 5, 9, 8, 4, 9, 6, 7, 7, 6, 5, 7, 4, 7, 5, 4, 8, 4, 9, 1, 5, 5, 2]

tiexi-1500.mobility.tcl
average communication overhead: [40, 33, 27, 26, 23, 18, 23, 19, 16, 14, 17, 15, 13, 13, 18, 15, 12, 9, 14, 14, 8, 11, 16, 10, 15, 8, 16, 8, 9, 12, 13, 16, 12, 17, 15, 11, 13, 8, 11, 10, 10, 10, 7, 8, 11, 10, 6, 9, 8, 5, 4, 14, 8, 10, 7, 6, 7, 5, 7, 5, 10, 11, 10, 12, 9, 11, 8, 8, 7, 3, 7, 7, 4, 10, 7, 14, 6, 10, 5, 6, 10, 5, 9, 14, 9, 11, 9, 10, 10, 6, 15, 11, 10, 14, 10, 16, 13, 11, 12, 8]

tiexi-2000.mobility.tcl
average communication overhead: [55, 39, 32, 23, 26, 25, 16, 20, 28, 22, 20, 18, 11, 13, 18, 23, 23, 16, 18, 13, 11, 12, 16, 13, 12, 11, 12, 16, 13, 8, 19, 15, 12, 11, 16, 14, 14, 12, 7, 9, 11, 13, 10, 9, 9, 11, 15, 4, 6, 8, 9, 10, 7, 13, 7, 9, 4, 13, 9, 11, 16, 9, 14, 17, 16, 6, 11, 13, 9, 11, 11, 9, 6, 4, 10, 13, 0, 6, 5, 9, 10, 4, 8, 5, 9, 14, 7, 11, 9, 7, 3, 8, 6, 6, 12, 8, 6, 10, 3, 6]

tiexi-3000.mobility.tcl
average communication overhead: [77, 53, 46, 35, 35, 29, 31, 17, 22, 21, 15, 17, 18, 15, 16, 28, 25, 18, 23, 19, 17, 17, 20, 21, 23, 18, 17, 20, 19, 17, 17, 18, 13, 19, 24, 25, 18, 16, 18, 10, 13, 12, 15, 10, 20, 13, 17, 15, 13, 17, 14, 16, 15, 11, 13, 11, 9, 13, 11, 16, 13, 10, 7, 13, 11, 15, 15, 13, 12, 12, 12, 10, 11, 6, 10, 4, 10, 9, 9, 8, 13, 8, 4, 11, 7, 8, 8, 10, 17, 8, 12, 5, 10, 8, 8, 11, 7, 11, 5, 11]

tiexi-500.mobility.tcl
average communication overhead: [3185, 266, 60, 20, 13, 66, 12, 10, 4, 7, 6, 4, 13, 4, 7, 412, 24, 66, 8, 4, 4, 2, 4, 5, 5, 4, 4, 8, 5, 1, 304, 12, 3, 4, 5, 6, 17, 18, 4, 5, 6, 3, 4, 5, 5, 18, 12, 16, 12, 7, 6, 6, 4, 9, 7, 5, 48, 6, 3, 6, 143, 53, 14, 8, 4, 6, 2, 3, 4, 6, 5, 6, 4, 5, 6, 7, 3, 6, 4, 6, 7, 4, 7, 7, 4, 4, 6, 3, 3, 4, 5, 7, 5, 4, 4, 8, 3, 4, 8, 6]

tiexi-1000.mobility.tcl
average communication overhead: [4208, 118, 93, 24, 26, 13, 49, 8, 12, 29, 11, 22, 6, 7, 1, 526, 15, 10, 8, 6, 2, 5, 3, 3, 5, 5, 3, 5, 7, 2, 726, 6, 10, 9, 6, 4, 2, 9, 18, 8, 0, 5, 4, 2, 2, 45, 5, 3, 5, 4, 4, 3, 7, 3, 5, 3, 2, 5, 3, 5, 62, 5, 3, 4, 4, 5, 2, 6, 3, 1, 1, 3, 3, 4, 5, 133, 9, 4, 5, 1, 8, 1, 2, 4, 6, 4, 5, 2, 2, 5, 7, 4, 2, 1, 2, 4, 6, 3, 2, 3]

tiexi-1500.mobility.tcl
average communication overhead: [5079, 71, 4, 7, 5, 6, 6, 6, 2, 5, 4, 4, 7, 3, 3, 500, 9, 7, 4, 6, 3, 3, 8, 3, 8, 5, 7, 9, 8, 6, 174, 20, 10, 9, 10, 7, 4, 4, 4, 8, 6, 5, 4, 5, 3, 88, 3, 5, 6, 5, 5, 4, 9, 3, 2, 8, 3, 7, 3, 3, 75, 6, 2, 6, 5, 4, 3, 2, 6, 4, 3, 4, 2, 4, 4, 252, 8, 6, 4, 4, 6, 5, 3, 6, 5, 6, 4, 6, 6, 7, 70, 10, 8, 7, 7, 6, 5, 7, 9, 5]

tiexi-2000.mobility.tcl
average communication overhead: [5352, 54, 12, 10, 9, 6, 6, 7, 14, 7, 7, 6, 7, 9, 3, 844, 25, 15, 13, 13, 7, 3, 20, 7, 11, 6, 5, 5, 7, 8, 275, 15, 12, 5, 9, 5, 5, 4, 4, 4, 4, 8, 3, 5, 6, 199, 12, 7, 4, 5, 7, 4, 6, 4, 6, 3, 3, 4, 7, 8, 152, 13, 9, 8, 12, 9, 13, 7, 4, 8, 23, 5, 4, 7, 2, 312, 13, 5, 10, 5, 2, 5, 5, 3, 3, 4, 8, 3, 7, 4, 13, 5, 5, 5, 4, 6, 3, 5, 2, 8]

tiexi-3000.mobility.tcl
average communication overhead: [5712, 41, 18, 10, 19, 17, 17, 8, 6, 11, 14, 12, 12, 12, 10, 673, 26, 21, 16, 19, 16, 8, 11, 12, 13, 11, 15, 15, 5, 15, 274, 19, 28, 15, 9, 17, 15, 15, 20, 8, 7, 13, 8, 6, 9, 535, 19, 15, 11, 9, 10, 16, 17, 9, 12, 8, 6, 15, 12, 7, 141, 13, 16, 14, 9, 9, 9, 6, 17, 12, 5, 2, 6, 4, 11, 223, 14, 9, 11, 5, 6, 6, 5, 11, 5, 4, 5, 8, 11, 9, 100, 10, 7, 6, 8, 4, 8, 4, 7, 4]

tiexi-500.mobility.tcl
average communication overhead: [8, 13, 14, 11, 8, 8, 9, 8, 7, 6, 5, 8, 10, 7, 10, 6, 7, 9, 10, 9, 9, 7, 9, 8, 9, 6, 7, 4, 5, 6, 5, 6, 10, 7, 7, 10, 8, 6, 9, 7, 7, 4, 7, 6, 9, 6, 5, 4, 10, 9, 6, 5, 7, 6, 7, 2, 5, 7, 6, 13, 6, 8, 7, 5, 7, 7, 4, 7, 4, 7, 4, 7, 5, 3, 7, 6, 7, 6, 4, 3, 5, 4, 6, 4, 8, 4, 6, 4, 6, 4, 6, 6, 7, 8, 6, 3, 10, 5, 5, 8]
tiexi-1000.mobility.tcl
average communication overhead: [18, 17, 18, 16, 17, 14, 17, 16, 11, 12, 14, 11, 13, 7, 12, 7, 11, 11, 8, 10, 9, 13, 10, 8, 10, 9, 9, 7, 11, 9, 13, 14, 9, 13, 7, 12, 11, 5, 7, 6, 8, 10, 9, 6, 7, 6, 7, 9, 8, 8, 5, 7, 8, 4, 10, 8, 5, 4, 6, 3, 5, 7, 5, 3, 7, 4, 3, 8, 5, 6, 13, 6, 5, 3, 7, 11, 4, 8, 4, 10, 4, 4, 5, 2, 6, 5, 7, 6, 9, 8, 6, 4, 3, 9, 7, 9, 6, 10, 6, 5]
tiexi-500.mobility.tcl
average communication overhead: [12.333333333333334, 12.666666666666666, 10.333333333333334, 11.0, 10.666666666666666, 10.0, 8.333333333333334, 11.0, 9.333333333333334, 9.666666666666666, 8.0, 7.666666666666667, 9.333333333333334, 7.666666666666667, 6.333333333333333, 6.666666666666667, 9.666666666666666, 8.0, 7.666666666666667, 8.0, 7.333333333333333, 7.0, 9.666666666666666, 6.0, 8.666666666666666, 7.0, 5.0, 7.0, 7.333333333333333, 8.0, 6.666666666666667, 6.666666666666667, 9.0, 7.0, 6.666666666666667, 7.333333333333333, 7.666666666666667, 6.666666666666667, 6.0, 6.666666666666667, 5.666666666666667, 7.333333333333333, 6.333333333333333, 7.0, 5.0, 5.0, 8.0, 5.0, 8.0, 6.0, 5.0, 6.0, 6.0, 7.0, 6.0, 6.333333333333333, 6.666666666666667, 5.666666666666667, 6.333333333333333, 5.0, 6.333333333333333, 7.333333333333333, 6.333333333333333, 4.333333333333333, 6.0, 6.0, 6.333333333333333, 5.666666666666667, 6.666666666666667, 6.333333333333333, 6.333333333333333, 5.0, 4.666666666666667, 4.666666666666667, 5.666666666666667, 4.666666666666667, 4.666666666666667, 8.333333333333334, 4.0, 5.333333333333333, 5.666666666666667, 5.333333333333333, 3.6666666666666665, 2.6666666666666665, 4.666666666666667, 4.666666666666667, 5.666666666666667, 4.666666666666667, 6.333333333333333, 6.0, 5.666666666666667, 6.0, 3.0, 5.333333333333333, 5.333333333333333, 5.666666666666667, 6.666666666666667, 4.333333333333333, 6.333333333333333, 4.666666666666667]
tiexi-1000.mobility.tcl
average communication overhead: [22.666666666666668, 18.666666666666668, 18.0, 18.0, 14.333333333333334, 14.666666666666666, 14.333333333333334, 11.666666666666666, 11.666666666666666, 12.333333333333334, 9.666666666666666, 11.333333333333334, 10.333333333333334, 9.333333333333334, 9.0, 10.0, 11.0, 10.666666666666666, 13.0, 11.0, 10.0, 8.666666666666666, 10.666666666666666, 10.0, 8.0, 11.0, 10.0, 9.333333333333334, 9.0, 9.0, 8.0, 10.333333333333334, 9.333333333333334, 8.666666666666666, 9.333333333333334, 8.0, 9.333333333333334, 10.0, 9.333333333333334, 8.666666666666666, 7.333333333333333, 8.333333333333334, 9.0, 7.0, 8.333333333333334, 9.666666666666666, 7.666666666666667, 6.0, 8.666666666666666, 7.333333333333333, 7.0, 5.666666666666667, 8.333333333333334, 8.333333333333334, 5.333333333333333, 6.666666666666667, 5.0, 7.666666666666667, 8.0, 7.0, 7.666666666666667, 11.0, 7.333333333333333, 4.333333333333333, 6.333333333333333, 8.666666666666666, 6.0, 6.333333333333333, 7.666666666666667, 7.666666666666667, 5.666666666666667, 4.666666666666667, 6.333333333333333, 5.666666666666667, 8.666666666666666, 9.666666666666666, 7.0, 6.333333333333333, 7.333333333333333, 7.0, 8.333333333333334, 5.333333333333333, 5.666666666666667, 6.0, 6.666666666666667, 6.666666666666667, 6.0, 6.666666666666667, 7.0, 4.666666666666667, 5.666666666666667, 5.666666666666667, 6.333333333333333, 5.666666666666667, 5.666666666666667, 7.0, 3.6666666666666665, 5.666666666666667, 6.0, 5.0]
tiexi-500.mobility.tcl
average communication overhead: [12.333333333333334, 11.0, 10.0, 8.333333333333334, 12.0, 11.666666666666666, 9.666666666666666, 10.333333333333334, 10.333333333333334, 10.666666666666666, 7.333333333333333, 9.0, 9.666666666666666, 10.666666666666666, 5.666666666666667, 9.0, 9.333333333333334, 9.333333333333334, 8.666666666666666, 6.0, 7.0, 9.666666666666666, 8.666666666666666, 7.0, 8.333333333333334, 6.333333333333333, 5.333333333333333, 8.666666666666666, 8.0, 6.0, 7.333333333333333, 7.666666666666667, 7.666666666666667, 6.666666666666667, 7.0, 4.666666666666667, 9.333333333333334, 8.333333333333334, 5.666666666666667, 8.0, 6.0, 8.333333333333334, 6.333333333333333, 7.666666666666667, 5.666666666666667, 6.0, 8.333333333333334, 8.0, 7.666666666666667, 7.666666666666667, 6.0, 5.333333333333333, 6.0, 6.666666666666667, 9.666666666666666, 6.333333333333333, 5.333333333333333, 6.666666666666667, 5.333333333333333, 6.666666666666667, 6.333333333333333, 6.666666666666667, 6.666666666666667, 3.6666666666666665, 6.0, 5.666666666666667, 6.0, 5.666666666666667, 5.0, 8.333333333333334, 4.333333333333333, 6.666666666666667, 5.333333333333333, 7.0, 5.666666666666667, 5.0, 5.0, 5.666666666666667, 5.666666666666667, 4.666666666666667, 5.333333333333333, 4.666666666666667, 4.0, 4.666666666666667, 6.333333333333333, 5.0, 6.0, 5.333333333333333, 5.0, 4.0, 4.666666666666667, 7.0, 3.0, 7.0, 5.666666666666667, 5.0, 4.666666666666667, 4.666666666666667, 5.666666666666667, 5.666666666666667]
tiexi-1000.mobility.tcl
average communication overhead: [21.666666666666668, 19.333333333333332, 19.0, 15.333333333333334, 14.666666666666666, 14.333333333333334, 14.333333333333334, 11.666666666666666, 14.666666666666666, 10.666666666666666, 12.333333333333334, 14.0, 6.666666666666667, 10.0, 11.333333333333334, 11.666666666666666, 13.0, 10.0, 10.666666666666666, 8.666666666666666, 8.333333333333334, 7.666666666666667, 11.0, 8.0, 11.333333333333334, 9.666666666666666, 8.666666666666666, 11.0, 9.0, 10.0, 13.0, 9.666666666666666, 10.333333333333334, 7.0, 10.0, 10.333333333333334, 8.666666666666666, 9.666666666666666, 8.333333333333334, 9.666666666666666, 8.0, 6.333333333333333, 8.0, 8.666666666666666, 8.666666666666666, 7.333333333333333, 8.666666666666666, 9.666666666666666, 8.666666666666666, 7.0, 6.333333333333333, 6.0, 8.333333333333334, 7.0, 8.666666666666666, 7.0, 5.666666666666667, 7.333333333333333, 7.666666666666667, 5.666666666666667, 7.0, 9.666666666666666, 6.0, 7.666666666666667, 8.333333333333334, 5.666666666666667, 7.0, 5.666666666666667, 6.333333333333333, 5.0, 6.0, 5.0, 6.666666666666667, 8.333333333333334, 9.333333333333334, 7.666666666666667, 7.666666666666667, 6.333333333333333, 8.333333333333334, 8.666666666666666, 6.333333333333333, 5.333333333333333, 4.333333333333333, 4.333333333333333, 5.0, 5.333333333333333, 4.333333333333333, 8.333333333333334, 6.0, 5.666666666666667, 5.333333333333333, 5.333333333333333, 7.0, 6.0, 7.666666666666667, 6.666666666666667, 5.333333333333333, 5.0, 6.0, 5.0]
tiexi-1500.mobility.tcl
average communication overhead: [40.0, 32.666666666666664, 27.0, 25.666666666666668, 23.666666666666668, 22.333333333333332, 24.666666666666668, 19.666666666666668, 19.666666666666668, 14.0, 15.0, 15.666666666666666, 15.666666666666666, 14.0, 14.666666666666666, 16.666666666666668, 15.666666666666666, 14.666666666666666, 11.666666666666666, 13.666666666666666, 16.666666666666668, 15.0, 15.0, 16.666666666666668, 13.666666666666666, 11.0, 11.666666666666666, 11.666666666666666, 12.666666666666666, 8.666666666666666, 14.333333333333334, 11.666666666666666, 12.666666666666666, 9.333333333333334, 12.0, 13.333333333333334, 9.333333333333334, 8.0, 7.333333333333333, 9.333333333333334, 8.333333333333334, 8.666666666666666, 7.666666666666667, 8.333333333333334, 7.666666666666667, 11.0, 9.666666666666666, 9.333333333333334, 7.333333333333333, 9.333333333333334, 8.0, 8.333333333333334, 8.333333333333334, 9.333333333333334, 5.333333333333333, 6.666666666666667, 5.333333333333333, 7.0, 6.333333333333333, 7.0, 9.666666666666666, 11.333333333333334, 10.333333333333334, 9.666666666666666, 6.333333333333333, 6.0, 7.666666666666667, 10.666666666666666, 9.333333333333334, 8.0, 7.0, 7.333333333333333, 7.333333333333333, 8.0, 9.666666666666666, 8.333333333333334, 9.333333333333334, 9.666666666666666, 9.0, 8.666666666666666, 8.0, 7.333333333333333, 4.666666666666667, 7.666666666666667, 7.666666666666667, 5.333333333333333, 6.666666666666667, 9.666666666666666, 9.333333333333334, 8.333333333333334, 11.333333333333334, 7.666666666666667, 11.666666666666666, 8.666666666666666, 9.333333333333334, 8.0, 9.666666666666666, 11.666666666666666, 9.0, 8.0]
tiexi-2000.mobility.tcl
average communication overhead: [54.333333333333336, 41.0, 35.333333333333336, 28.333333333333332, 21.666666666666668, 20.0, 21.333333333333332, 19.0, 24.666666666666668, 22.333333333333332, 15.333333333333334, 13.0, 12.666666666666666, 10.666666666666666, 16.333333333333332, 18.0, 20.0, 18.666666666666668, 14.333333333333334, 12.666666666666666, 12.0, 8.666666666666666, 15.666666666666666, 13.666666666666666, 15.666666666666666, 12.0, 13.666666666666666, 10.0, 12.333333333333334, 12.666666666666666, 17.333333333333332, 11.666666666666666, 9.333333333333334, 12.0, 10.666666666666666, 13.0, 11.666666666666666, 9.333333333333334, 8.666666666666666, 9.333333333333334, 10.0, 12.0, 10.666666666666666, 10.0, 10.666666666666666, 10.0, 12.666666666666666, 13.666666666666666, 10.0, 9.333333333333334, 10.333333333333334, 9.666666666666666, 11.0, 8.0, 10.0, 10.0, 11.0, 9.0, 10.0, 9.666666666666666, 13.666666666666666, 10.0, 8.0, 10.333333333333334, 12.0, 9.0, 8.666666666666666, 9.666666666666666, 13.0, 9.666666666666666, 7.0, 5.333333333333333, 5.0, 8.666666666666666, 6.666666666666667, 8.0, 7.666666666666667, 8.0, 6.666666666666667, 8.0, 9.0, 8.0, 8.0, 9.0, 5.666666666666667, 7.0, 7.666666666666667, 7.333333333333333, 9.0, 8.0, 7.0, 6.0, 8.0, 5.666666666666667, 8.666666666666666, 6.333333333333333, 9.0, 7.666666666666667, 3.3333333333333335, 7.666666666666667]
tiexi-3000.mobility.tcl
average communication overhead: [79.33333333333333, 50.0, 42.666666666666664, 32.666666666666664, 30.333333333333332, 28.333333333333332, 28.333333333333332, 22.0, 23.0, 20.333333333333332, 20.0, 17.666666666666668, 15.333333333333334, 14.0, 15.333333333333334, 21.666666666666668, 23.333333333333332, 15.666666666666666, 16.666666666666668, 16.333333333333332, 16.333333333333332, 18.333333333333332, 12.0, 16.666666666666668, 14.333333333333334, 14.333333333333334, 16.0, 19.333333333333332, 11.333333333333334, 13.333333333333334, 20.0, 15.333333333333334, 17.0, 20.0, 19.333333333333332, 18.666666666666668, 18.333333333333332, 16.333333333333332, 18.0, 14.333333333333334, 12.333333333333334, 10.333333333333334, 8.666666666666666, 11.333333333333334, 12.0, 16.0, 10.666666666666666, 13.333333333333334, 9.666666666666666, 15.333333333333334, 14.666666666666666, 12.333333333333334, 14.0, 13.666666666666666, 11.0, 9.0, 11.333333333333334, 10.333333333333334, 8.666666666666666, 11.0, 11.0, 12.666666666666666, 15.0, 17.0, 14.333333333333334, 11.666666666666666, 9.333333333333334, 12.0, 12.0, 13.666666666666666, 8.333333333333334, 6.333333333333333, 11.333333333333334, 8.333333333333334, 6.333333333333333, 11.0, 13.666666666666666, 13.666666666666666, 8.0, 10.666666666666666, 11.666666666666666, 12.0, 8.666666666666666, 8.666666666666666, 12.0, 8.0, 9.333333333333334, 10.333333333333334, 10.666666666666666, 7.666666666666667, 11.0, 14.666666666666666, 10.0, 10.666666666666666, 9.333333333333334, 8.666666666666666, 8.666666666666666, 11.333333333333334, 10.0, 7.333333333333333]
tiexi-500.mobility.tcl
average communication overhead: [12.333333333333334, 10.333333333333334, 11.333333333333334, 11.333333333333334, 10.666666666666666, 10.0, 9.666666666666666, 9.666666666666666, 7.666666666666667, 9.666666666666666, 7.666666666666667, 7.666666666666667, 10.0, 9.666666666666666, 7.333333333333333, 7.333333333333333, 9.333333333333334, 8.666666666666666, 9.333333333333334, 8.333333333333334, 10.666666666666666, 8.0, 6.666666666666667, 9.333333333333334, 9.0, 7.0, 6.0, 6.0, 7.666666666666667, 6.666666666666667, 8.666666666666666, 6.666666666666667, 5.666666666666667, 6.0, 6.666666666666667, 8.333333333333334, 9.0, 6.666666666666667, 6.333333333333333, 6.0, 7.333333333333333, 6.0, 3.6666666666666665, 5.333333333333333, 6.333333333333333, 7.333333333333333, 6.666666666666667, 6.666666666666667, 5.666666666666667, 7.333333333333333, 7.666666666666667, 7.0, 6.0, 6.333333333333333, 7.0, 6.666666666666667, 6.0, 8.333333333333334, 6.0, 6.0, 8.666666666666666, 6.333333333333333, 4.666666666666667, 6.0, 6.333333333333333, 6.666666666666667, 7.0, 7.0, 8.0, 5.333333333333333, 4.0, 3.3333333333333335, 6.333333333333333, 6.666666666666667, 7.333333333333333, 4.333333333333333, 5.666666666666667, 5.666666666666667, 4.333333333333333, 4.666666666666667, 6.333333333333333, 6.0, 5.333333333333333, 4.666666666666667, 5.333333333333333, 5.0, 5.0, 6.333333333333333, 5.666666666666667, 4.0, 6.333333333333333, 6.666666666666667, 5.666666666666667, 5.666666666666667, 4.333333333333333, 7.333333333333333, 5.333333333333333, 7.333333333333333, 5.666666666666667, 7.666666666666667]
tiexi-1000.mobility.tcl
average communication overhead: [21.333333333333332, 20.0, 18.333333333333332, 16.333333333333332, 16.0, 15.666666666666666, 12.333333333333334, 12.0, 13.333333333333334, 12.0, 11.333333333333334, 13.0, 12.333333333333334, 8.666666666666666, 11.0, 11.0, 9.0, 10.666666666666666, 9.333333333333334, 8.666666666666666, 8.333333333333334, 8.333333333333334, 9.333333333333334, 12.666666666666666, 10.666666666666666, 9.333333333333334, 6.666666666666667, 7.333333333333333, 9.0, 9.333333333333334, 10.333333333333334, 9.666666666666666, 9.333333333333334, 10.333333333333334, 9.666666666666666, 9.0, 8.333333333333334, 4.333333333333333, 9.333333333333334, 8.666666666666666, 8.666666666666666, 7.333333333333333, 7.333333333333333, 7.333333333333333, 8.333333333333334, 6.0, 5.666666666666667, 6.666666666666667, 6.666666666666667, 5.0, 9.0, 7.0, 9.0, 8.333333333333334, 5.0, 8.666666666666666, 4.666666666666667, 6.666666666666667, 6.666666666666667, 6.666666666666667, 7.666666666666667, 7.0, 6.666666666666667, 9.0, 8.666666666666666, 6.666666666666667, 7.0, 6.666666666666667, 5.0, 5.333333333333333, 2.6666666666666665, 6.0, 8.0, 7.333333333333333, 8.0, 8.666666666666666, 5.333333333333333, 8.333333333333334, 8.333333333333334, 5.666666666666667, 7.0, 8.666666666666666, 8.333333333333334, 4.333333333333333, 4.333333333333333, 6.333333333333333, 6.333333333333333, 7.333333333333333, 7.0, 7.0, 9.0, 9.666666666666666, 6.0, 6.333333333333333, 6.0, 6.333333333333333, 9.333333333333334, 5.666666666666667, 5.666666666666667, 6.0]
tiexi-1500.mobility.tcl
average communication overhead: [39.333333333333336, 34.0, 29.666666666666668, 27.333333333333332, 22.666666666666668, 21.333333333333332, 19.666666666666668, 19.333333333333332, 16.666666666666668, 16.0, 18.333333333333332, 16.666666666666668, 16.333333333333332, 12.666666666666666, 15.0, 16.666666666666668, 14.333333333333334, 21.0, 16.0, 11.333333333333334, 13.0, 13.333333333333334, 10.666666666666666, 12.333333333333334, 13.0, 11.333333333333334, 12.666666666666666, 12.333333333333334, 13.333333333333334, 11.0, 13.666666666666666, 15.666666666666666, 13.666666666666666, 12.333333333333334, 12.333333333333334, 10.0, 12.0, 9.666666666666666, 11.0, 8.666666666666666, 12.0, 11.0, 12.0, 8.333333333333334, 12.0, 11.333333333333334, 10.666666666666666, 10.333333333333334, 8.666666666666666, 11.333333333333334, 8.0, 7.0, 10.0, 7.666666666666667, 6.333333333333333, 5.333333333333333, 7.0, 7.666666666666667, 9.0, 11.666666666666666, 9.666666666666666, 9.666666666666666, 10.666666666666666, 9.0, 5.666666666666667, 5.333333333333333, 8.333333333333334, 8.333333333333334, 6.0, 6.333333333333333, 8.666666666666666, 6.0, 4.666666666666667, 4.333333333333333, 8.0, 9.666666666666666, 6.666666666666667, 9.0, 9.666666666666666, 9.666666666666666, 5.666666666666667, 11.0, 7.666666666666667, 9.666666666666666, 7.333333333333333, 6.666666666666667, 7.0, 6.333333333333333, 11.333333333333334, 10.0, 8.666666666666666, 9.0, 11.333333333333334, 11.666666666666666, 8.0, 8.666666666666666, 9.333333333333334, 10.0, 11.666666666666666, 9.0]
tiexi-2000.mobility.tcl
average communication overhead: [54.333333333333336, 36.333333333333336, 33.666666666666664, 29.0, 22.0, 24.0, 21.333333333333332, 19.0, 21.0, 18.0, 17.333333333333332, 14.666666666666666, 14.666666666666666, 13.666666666666666, 12.0, 21.333333333333332, 17.0, 20.0, 17.333333333333332, 14.666666666666666, 12.666666666666666, 14.0, 10.666666666666666, 12.666666666666666, 11.333333333333334, 13.0, 11.666666666666666, 12.333333333333334, 9.0, 10.333333333333334, 10.666666666666666, 12.666666666666666, 13.333333333333334, 12.666666666666666, 12.0, 11.666666666666666, 8.0, 9.666666666666666, 11.0, 9.666666666666666, 7.0, 6.333333333333333, 7.666666666666667, 11.0, 6.333333333333333, 14.333333333333334, 15.666666666666666, 13.0, 13.0, 15.0, 11.0, 11.333333333333334, 10.333333333333334, 10.0, 10.666666666666666, 8.666666666666666, 9.0, 10.0, 12.333333333333334, 9.333333333333334, 12.666666666666666, 10.333333333333334, 11.333333333333334, 14.333333333333334, 9.0, 10.666666666666666, 13.666666666666666, 11.666666666666666, 11.333333333333334, 7.666666666666667, 8.666666666666666, 10.333333333333334, 9.666666666666666, 8.333333333333334, 6.333333333333333, 6.0, 4.666666666666667, 8.666666666666666, 8.333333333333334, 6.666666666666667, 9.333333333333334, 7.333333333333333, 6.0, 7.0, 8.0, 8.0, 10.333333333333334, 8.333333333333334, 6.333333333333333, 6.666666666666667, 9.0, 8.0, 12.0, 8.666666666666666, 7.0, 10.0, 9.0, 9.0, 6.666666666666667, 8.0]
tiexi-500.mobility.tcl
average communication overhead: [400.6666666666667, 374.0, 297.3333333333333, 281.0, 135.0, 89.66666666666667, 52.333333333333336, 55.333333333333336, 23.0, 22.0, 11.333333333333334, 61.0, 14.0, 11.333333333333334, 5.666666666666667, 232.0, 100.66666666666667, 20.333333333333332, 28.333333333333332, 9.0]
tiexi-500.mobility.tcl
average communication overhead: [359.6666666666667, 257.0, 182.0, 141.33333333333334, 114.33333333333333, 117.0, 104.66666666666667, 51.333333333333336, 47.333333333333336, 48.333333333333336, 27.666666666666668, 17.666666666666668, 30.0, 9.333333333333334, 7.666666666666667, 263.0, 159.66666666666666, 52.333333333333336, 19.333333333333332, 10.0, 10.333333333333334, 54.333333333333336, 4.666666666666667, 7.0, 2.6666666666666665, 31.666666666666668, 14.333333333333334, 7.0, 5.666666666666667, 4.0, 244.33333333333334, 14.0, 7.0, 22.333333333333332, 4.0, 53.0, 9.333333333333334, 8.0, 4.0, 5.666666666666667, 5.333333333333333, 3.6666666666666665, 3.6666666666666665, 5.666666666666667, 4.0, 79.33333333333333, 18.333333333333332, 11.333333333333334, 6.333333333333333, 4.666666666666667, 7.666666666666667, 5.0, 5.333333333333333, 6.0, 6.333333333333333, 5.666666666666667, 32.0, 10.333333333333334, 6.333333333333333, 7.333333333333333, 111.33333333333333, 23.333333333333332, 14.0, 4.666666666666667, 6.333333333333333, 9.666666666666666, 4.666666666666667, 3.0, 5.333333333333333, 4.333333333333333, 2.3333333333333335, 6.333333333333333, 4.333333333333333, 4.666666666666667, 4.0, 19.333333333333332, 4.666666666666667, 5.333333333333333, 4.0, 4.333333333333333, 4.333333333333333, 2.0, 3.0, 3.0, 3.3333333333333335, 4.333333333333333, 4.333333333333333, 5.0, 4.0, 5.666666666666667, 23.0, 8.0, 4.666666666666667, 4.333333333333333, 4.0, 4.0, 3.3333333333333335, 4.666666666666667, 5.0, 6.0]
tiexi-500.mobility.tcl
average communication overhead: [3179.3333333333335, 171.33333333333334, 38.0, 18.0, 14.666666666666666, 40.333333333333336, 8.0, 9.333333333333334, 4.0, 5.666666666666667, 5.0, 5.666666666666667, 8.666666666666666, 5.0, 4.0, 929.3333333333334, 9.333333333333334, 29.666666666666668, 5.666666666666667, 2.6666666666666665, 4.0, 52.0, 4.333333333333333, 5.333333333333333, 5.0, 40.666666666666664, 8.0, 2.6666666666666665, 4.333333333333333, 4.333333333333333, 129.33333333333334, 9.0, 4.666666666666667, 36.0, 7.0, 55.0, 12.0, 8.333333333333334, 5.0, 3.6666666666666665, 5.0, 4.0, 3.3333333333333335, 5.666666666666667, 3.3333333333333335, 27.333333333333332, 14.333333333333334, 8.333333333333334, 9.666666666666666, 6.0, 5.333333333333333, 6.0, 6.333333333333333, 5.333333333333333, 6.0, 5.0, 39.666666666666664, 5.0, 6.0, 6.0, 68.0, 16.666666666666668, 9.333333333333334, 7.666666666666667, 5.0, 14.666666666666666, 4.0, 4.666666666666667, 5.666666666666667, 4.666666666666667, 4.333333333333333, 6.666666666666667, 4.333333333333333, 4.666666666666667, 6.333333333333333, 15.666666666666666, 5.0, 5.666666666666667, 7.0, 4.333333333333333, 3.6666666666666665, 2.0, 5.0, 4.666666666666667, 3.0, 3.6666666666666665, 5.333333333333333, 4.666666666666667, 5.666666666666667, 3.6666666666666665, 13.666666666666666, 10.0, 7.666666666666667, 5.0, 4.0, 4.333333333333333, 5.0, 3.6666666666666665, 4.333333333333333, 4.666666666666667]
tiexi-500.mobility.tcl
average communication overhead: [3200.6666666666665, 161.66666666666666, 57.666666666666664, 24.0, 12.666666666666666, 40.333333333333336, 10.0, 4.666666666666667, 4.333333333333333, 7.0, 6.333333333333333, 5.0, 12.333333333333334, 6.333333333333333, 5.666666666666667, 644.3333333333334, 15.666666666666666, 31.0, 4.333333333333333, 5.666666666666667, 5.333333333333333, 53.0, 5.666666666666667, 4.0, 3.3333333333333335, 31.666666666666668, 7.666666666666667, 5.333333333333333, 6.666666666666667, 4.666666666666667, 364.3333333333333, 7.333333333333333, 5.666666666666667, 33.0, 6.0, 53.666666666666664, 9.666666666666666, 8.666666666666666, 5.666666666666667, 7.666666666666667, 3.0, 4.666666666666667, 6.0, 2.6666666666666665, 3.6666666666666665, 47.333333333333336, 15.666666666666666, 11.333333333333334, 10.0, 9.0, 4.666666666666667, 7.0, 7.333333333333333, 7.0, 4.0, 2.6666666666666665, 34.666666666666664, 7.0, 8.333333333333334, 6.666666666666667, 110.66666666666667, 26.0, 13.666666666666666, 8.0, 4.666666666666667, 8.333333333333334, 2.6666666666666665, 3.0, 5.333333333333333, 2.6666666666666665, 5.333333333333333, 6.666666666666667, 3.3333333333333335, 5.333333333333333, 5.0, 18.333333333333332, 5.333333333333333, 6.666666666666667, 4.0, 5.0, 4.333333333333333, 4.666666666666667, 3.6666666666666665, 2.3333333333333335, 6.0, 4.666666666666667, 5.0, 4.333333333333333, 5.0, 4.0, 10.0, 6.0, 4.0, 5.0, 5.333333333333333, 2.6666666666666665, 6.333333333333333, 5.333333333333333, 4.333333333333333, 3.6666666666666665]
tiexi-500.mobility.tcl
average communication overhead: [327.6666666666667, 236.0, 151.66666666666666, 91.33333333333333, 48.0, 73.66666666666667, 15.333333333333334, 14.333333333333334, 7.333333333333333, 10.0, 4.666666666666667, 3.6666666666666665, 10.0, 6.0, 2.6666666666666665, 291.6666666666667, 62.666666666666664, 36.333333333333336, 9.0, 6.333333333333333, 5.0, 50.666666666666664, 5.0, 4.666666666666667, 5.333333333333333, 30.666666666666668, 9.333333333333334, 2.6666666666666665, 3.6666666666666665, 3.6666666666666665, 247.33333333333334, 20.666666666666668, 7.0, 40.333333333333336, 8.333333333333334, 52.666666666666664, 12.666666666666666, 9.666666666666666, 5.0, 5.333333333333333, 5.0, 3.6666666666666665, 5.0, 2.6666666666666665, 4.333333333333333, 48.333333333333336, 10.666666666666666, 13.0, 10.0, 8.0, 3.6666666666666665, 3.6666666666666665, 3.3333333333333335, 3.6666666666666665, 6.333333333333333, 4.0, 39.333333333333336, 7.333333333333333, 8.666666666666666, 6.333333333333333, 139.66666666666666, 15.666666666666666, 14.0, 7.333333333333333, 5.666666666666667, 8.0, 3.0, 6.0, 3.3333333333333335, 5.333333333333333, 4.0, 7.0, 4.0, 6.666666666666667, 3.6666666666666665, 109.66666666666667, 11.333333333333334, 6.666666666666667, 4.333333333333333, 2.6666666666666665, 6.333333333333333, 4.666666666666667, 2.6666666666666665, 2.6666666666666665, 5.666666666666667, 4.666666666666667, 3.0, 4.666666666666667, 5.333333333333333, 3.3333333333333335, 54.333333333333336, 7.0, 4.666666666666667, 4.666666666666667, 5.333333333333333, 3.6666666666666665, 5.333333333333333, 4.0, 4.666666666666667, 4.666666666666667]
tiexi-500.mobility.tcl
average communication overhead: [773.3333333333334, 725.6666666666666, 501.0, 305.3333333333333, 227.33333333333334, 306.3333333333333, 136.0, 104.0, 95.0, 84.66666666666667, 71.0, 73.33333333333333, 92.33333333333333, 53.666666666666664, 63.0, 616.0, 166.33333333333334, 219.33333333333334, 148.66666666666666, 137.0, 139.33333333333334, 240.66666666666666, 125.33333333333333, 125.66666666666667, 125.33333333333333, 198.33333333333334, 72.33333333333333, 70.0, 62.0, 50.333333333333336, 752.0, 73.0, 60.333333333333336, 143.0, 80.66666666666667, 175.33333333333334, 81.33333333333333, 82.33333333333333, 59.333333333333336, 59.0, 51.666666666666664, 44.333333333333336, 44.333333333333336, 45.666666666666664, 44.0, 380.0, 73.66666666666667, 62.0, 43.666666666666664, 35.666666666666664, 34.0, 32.666666666666664, 28.666666666666668, 30.333333333333332, 28.333333333333332, 26.333333333333332, 137.33333333333334, 59.666666666666664, 52.333333333333336, 51.666666666666664, 563.3333333333334, 111.0, 73.33333333333333, 57.0, 54.666666666666664, 49.0, 49.0, 41.0, 37.333333333333336, 36.666666666666664, 31.666666666666668, 35.333333333333336, 29.333333333333332, 19.666666666666668, 29.333333333333332, 129.33333333333334, 32.0, 26.666666666666668, 28.333333333333332, 21.666666666666668, 27.0, 23.666666666666668, 17.0, 16.0, 16.0, 15.0, 13.333333333333334, 14.0, 11.0, 15.333333333333334, 163.0, 38.0, 28.666666666666668, 26.666666666666668, 23.333333333333332, 21.666666666666668, 22.0, 18.0, 21.333333333333332, 19.0]
tiexi-1000.mobility.tcl
average communication overhead: [1002.6666666666666, 959.6666666666666, 855.3333333333334, 415.6666666666667, 227.0, 109.33333333333333, 106.66666666666667, 40.666666666666664, 24.333333333333332, 76.66666666666667, 97.0, 52.0, 20.333333333333332, 17.0, 17.666666666666668, 974.3333333333334, 97.0, 38.333333333333336, 43.666666666666664, 23.0, 18.0, 16.666666666666668, 16.0, 14.0, 14.333333333333334, 11.0, 11.333333333333334, 11.333333333333334, 10.0, 9.333333333333334, 981.3333333333334, 38.0, 25.0, 19.333333333333332, 17.666666666666668, 14.0, 9.0, 9.333333333333334, 45.0, 9.666666666666666, 9.333333333333334, 10.666666666666666, 9.0, 7.666666666666667, 7.666666666666667, 70.66666666666667, 17.666666666666668, 10.333333333333334, 9.333333333333334, 8.666666666666666, 10.333333333333334, 9.666666666666666, 10.333333333333334, 10.666666666666666, 8.333333333333334, 6.333333333333333, 7.666666666666667, 7.0, 7.333333333333333, 7.333333333333333, 401.6666666666667, 20.333333333333332, 12.666666666666666, 13.666666666666666, 9.0, 9.0, 5.666666666666667, 7.333333333333333, 8.666666666666666, 6.0, 6.0, 6.333333333333333, 7.333333333333333, 5.0, 7.666666666666667, 231.33333333333334, 13.666666666666666, 11.0, 8.666666666666666, 6.666666666666667, 6.0, 6.0, 6.666666666666667, 9.0, 6.0, 6.333333333333333, 6.666666666666667, 7.0, 5.666666666666667, 7.666666666666667, 482.3333333333333, 18.0, 13.666666666666666, 8.333333333333334, 10.333333333333334, 7.666666666666667, 8.666666666666666, 9.333333333333334, 9.666666666666666, 7.333333333333333]
tiexi-1500.mobility.tcl
average communication overhead: [1206.0, 1382.6666666666667, 167.66666666666666, 31.333333333333332, 19.0, 16.0, 11.0, 12.666666666666666, 9.333333333333334, 8.666666666666666, 7.666666666666667, 7.0, 8.333333333333334, 5.333333333333333, 4.333333333333333, 939.3333333333334, 61.333333333333336, 22.333333333333332, 17.666666666666668, 8.666666666666666, 12.0, 9.0, 9.333333333333334, 8.666666666666666, 11.333333333333334, 6.0, 7.0, 8.333333333333334, 11.333333333333334, 10.666666666666666, 879.3333333333334, 43.0, 29.666666666666668, 22.666666666666668, 24.0, 17.333333333333332, 9.666666666666666, 9.666666666666666, 9.666666666666666, 11.0, 6.333333333333333, 10.333333333333334, 9.0, 8.666666666666666, 10.333333333333334, 258.6666666666667, 27.0, 15.0, 10.0, 15.666666666666666, 11.333333333333334, 9.666666666666666, 12.666666666666666, 9.333333333333334, 6.666666666666667, 6.666666666666667, 5.666666666666667, 8.0, 6.333333333333333, 5.666666666666667, 629.3333333333334, 18.0, 8.333333333333334, 4.666666666666667, 8.0, 10.0, 8.0, 7.666666666666667, 6.333333333333333, 7.0, 8.666666666666666, 7.666666666666667, 8.0, 7.333333333333333, 7.333333333333333, 172.0, 13.333333333333334, 10.333333333333334, 8.0, 4.0, 7.333333333333333, 4.333333333333333, 4.666666666666667, 6.0, 6.666666666666667, 6.666666666666667, 7.0, 8.666666666666666, 5.0, 5.666666666666667, 761.6666666666666, 52.333333333333336, 39.666666666666664, 41.0, 32.333333333333336, 30.333333333333332, 31.333333333333332, 30.0, 33.0, 32.0]
tiexi-2000.mobility.tcl
average communication overhead: [1227.3333333333333, 1321.0, 189.0, 85.0, 62.666666666666664, 49.666666666666664, 53.666666666666664, 47.0, 46.666666666666664, 43.666666666666664, 47.666666666666664, 48.666666666666664, 35.333333333333336, 30.0, 30.333333333333332, 967.0, 93.0, 51.0, 37.333333333333336, 31.666666666666668, 29.333333333333332, 28.0, 29.333333333333332, 19.0, 20.666666666666668, 19.0, 17.666666666666668, 17.666666666666668, 16.666666666666668, 19.333333333333332, 684.3333333333334, 40.0, 34.666666666666664, 26.0, 26.333333333333332, 23.333333333333332, 25.333333333333332, 19.666666666666668, 17.666666666666668, 16.333333333333332, 18.0, 15.333333333333334, 17.666666666666668, 18.0, 17.666666666666668, 990.3333333333334, 62.333333333333336, 39.666666666666664, 20.333333333333332, 18.0, 21.333333333333332, 17.333333333333332, 14.0, 17.666666666666668, 12.0, 18.666666666666668, 15.333333333333334, 13.666666666666666, 18.0, 17.333333333333332, 203.0, 38.0, 25.0, 24.666666666666668, 15.666666666666666, 17.0, 19.0, 15.666666666666666, 20.0, 17.333333333333332, 23.0, 8.666666666666666, 8.0, 7.666666666666667, 5.0, 708.0, 19.666666666666668, 8.0, 6.0, 9.333333333333334, 7.333333333333333, 9.333333333333334, 10.0, 7.333333333333333, 6.333333333333333, 6.0, 7.333333333333333, 7.666666666666667, 7.0, 10.0, 396.0, 20.666666666666668, 21.333333333333332, 13.333333333333334, 13.666666666666666, 9.0, 12.0, 9.666666666666666, 5.333333333333333, 7.333333333333333]
tiexi-3000.mobility.tcl
average communication overhead: [1302.0, 1341.0, 132.33333333333334, 60.666666666666664, 47.333333333333336, 44.333333333333336, 45.333333333333336, 35.666666666666664, 39.333333333333336, 38.0, 38.666666666666664, 24.666666666666668, 20.666666666666668, 24.666666666666668, 20.333333333333332, 1040.3333333333333, 78.0, 42.333333333333336, 32.666666666666664, 27.0, 27.0, 24.0, 23.666666666666668, 24.0, 21.666666666666668, 27.666666666666668, 17.0, 19.666666666666668, 14.666666666666666, 14.666666666666666, 632.0, 49.0, 27.0, 25.0, 21.666666666666668, 20.0, 25.0, 18.666666666666668, 17.666666666666668, 15.333333333333334, 15.0, 16.666666666666668, 16.0, 16.666666666666668, 12.666666666666666, 956.3333333333334, 36.333333333333336, 28.0, 15.666666666666666, 19.0, 15.333333333333334, 15.0, 16.0, 14.666666666666666, 15.0, 11.0, 14.0, 13.666666666666666, 13.666666666666666, 13.0, 279.0, 20.666666666666668, 19.333333333333332, 15.666666666666666, 11.333333333333334, 7.0, 14.666666666666666, 11.0, 18.666666666666668, 16.0, 10.0, 8.0, 8.333333333333334, 10.0, 8.666666666666666, 428.3333333333333, 21.333333333333332, 12.0, 10.0, 9.0, 11.333333333333334, 10.666666666666666, 9.333333333333334, 8.666666666666666, 11.0, 7.333333333333333, 9.333333333333334, 8.666666666666666, 10.0, 8.0, 676.0, 33.0, 17.666666666666668, 13.0, 14.333333333333334, 14.333333333333334, 9.0, 10.666666666666666, 8.333333333333334, 10.666666666666666]
